3.48026704788208, 10000
3.9694433212280273, 10000
3.4268057346343994, 10000
32.19442081451416, 100000
31.576189279556274, 100000
3.405165195465088, 10000
3.293262481689453, 10000
3.3523006439208984, 10000
3.394343137741089, 10000
2.7258782386779785, 10000
2.948474407196045, 10000
2.7973287105560303, 10000
2.7609071731567383, 10000
2.827775239944458, 10000
3.0905065536499023, 10000
2.9450981616973877, 10000
2.892460823059082, 10000
2.7156217098236084, 10000
280.3914895057678, 1000000
2.779050588607788, 10000
2.924858570098877, 10000
3.020435094833374, 10000
2.7704029083251953, 10000
2.173192262649536, 10000
2.2715537548065186, 10000
2.252277374267578, 10000
2.2935597896575928, 10000
2.264423131942749, 10000
2.2028374671936035, 10000
2.162062644958496, 10000, 0.4, 6.076258245052149
2.241339683532715, 10000, 0.4, 6.076258245052149
2.1609840393066406, 10000, 0.4, 6.076258245052149
2.2509801387786865, 10000, 0.2, 6.004589155115657
2.327684164047241, 10000, 0.15, 4.5125721113541175
2.244478940963745, 10000, 0.2, 6.004589155115657
